0.297238 63
55.563482 1
0.139061 1
0.205923 1
0.123930 1
0.709151 4
0.169873 4
0.159015 4
0.145187 4
0.138691 1
0.339054 1
0.219073 4
0.614638 1
0.189165 1
0.227151 1
0.383956 1
0.106995 1
0.257126 1
1.964829 1
0.244987 1
0.078579 1
0.144502 1
0.192895 1
0.112623 1
0.126361 1
0.121071 1
0.225970 1
0.220014 1
5.696459 2
0.001415 63
0.534759 1
0.474074 1
0.109772 1
3.604455 2
0.003483 32
0.000050 1
0.000020 29
0.000019 2
0.000077 34
0.000019 2
0.000188 28
0.000020 2
0.000068 5
0.000070 1
0.000021 35
0.000138 2
0.000476 63
2.281542 1
0.103340 1
0.543887 1
0.268138 2
0.008910 5
0.000056 9
0.000026 2
0.000147 25
0.000023 2
0.000454 22
0.000041 2
0.000028 22
0.000077 2
0.000027 22
0.000075 2
0.000091 31
0.000027 2
0.000087 22
0.000125 2
0.000089 22
0.000025 2
0.000089 22
0.000023 2
0.000085 22
0.000023 2
0.000663 63
2.982817 1
0.077071 1
0.273696 1
0.108164 1
0.159914 2
0.000768 28
0.000046 2
0.000604 63
0.428653 1
0.500091 1
0.128836 1
0.174165 2
0.010431 34
0.000057 2
0.000106 39
0.000026 2
0.000235 51
0.000040 2
0.000667 63
176.410966 1
0.199994 1
0.226992 1
0.126878 1
0.166062 1
0.186014 1
0.204077 2
0.010036 2
0.000057 2
0.000654 63
27.399218 1
0.383726 1
0.154373 1
0.376048 2
1.329998 1
0.012536 1
0.056950 1
0.146395 1
0.132000 1
0.116060 1
0.179869 1
0.015876 1
0.154047 2
0.000061 10
0.497943 1
0.044889 1
0.064910 1
0.050113 1
0.248861 2
0.000057 6
3.905324 1
0.299708 1
0.150661 1
0.424297 7
1.528182 67
2.136636 1
0.190285 1
1.891702 4
0.216266 4
0.148639 1
0.477243 1
62.601993 1
0.140865 1
0.131272 1
0.593973 1
2.984771 1
0.307154 1
1.262717 1
0.624667 1
2.197483 1
0.547686 1
2.134343 1
1.573743 1
0.102996 1
0.203923 1
0.152149 1
0.187928 1
0.180035 1
0.374877 4
0.155221 4
0.257838 1
0.121006 1
0.162024 1
0.171843 1
3.644060 2
0.000946 28
0.000038 2
0.000783 63
4.513137 20
0.318643 1
0.500851 1
0.034205 1
0.034625 1
0.034351 1
0.033941 1
0.034833 1
0.033531 1
0.033808 1
0.034994 1
0.034487 1
0.033563 1
0.034122 1
0.034239 1
0.034365 1
0.034426 1
0.034196 1
0.033992 1
0.033497 1
0.034422 1
0.033405 1
0.033260 1
0.034408 1
0.346984 5
0.493088 5
0.191122 5
0.085086 5
1.749940 5
0.191889 5
0.165890 5
0.862087 5
0.302970 5
0.112022 5
1.780110 5
0.202761 5
0.190015 5
0.279969 5
1.009070 5
0.112005 5
0.118908 5
0.958403 2
0.001395 3
0.000052 2
0.000716 63
5.525245 1
0.108765 1
0.326763 1
0.260920 1
0.422018 1
0.112038 1
0.291083 1
0.197992 1
0.581934 1
0.099765 1
0.219312 1
0.194957 1
0.149041 2
0.000781 3
0.000046 2
0.000606 63
7.328421 1
0.146801 1
0.816339 1
0.566753 1
0.072725 1
0.198009 1
0.205988 1
0.265994 1
0.147733 1
0.197443 1
0.195926 1
0.196957 2
0.018206 15
0.000568 71
0.000090 21
0.000442 1934
1.168339 4
0.261005 1
0.339221 1
2.633006 41
1.179112 35
0.477653 35
0.397165 35
0.499489 35
0.034572 35
0.034018 8
0.033711 1
0.034167 1
0.764099 1
0.635394 1
0.297903 1
0.340186 1
1.148276 33
1.256917 19
0.484060 19
0.953618 19
0.228392 19
1.187032 19
0.173985 19
0.150776 1
0.305157 19
0.227014 19
0.171059 19
0.153845 19
1.209458 19
0.787695 19
0.378690 42
1.325148 19
0.550852 19
0.290800 1
1.223291 33
1.626001 26
0.893845 1
0.079108 1
13.689683 17
0.022306 125
64.885599 1
0.317994 1
0.124859 1
0.298954 1
0.210139 1
0.226010 1
0.196911 1
0.362129 1
0.165993 1
0.309913 1
0.183029 1
0.123867 1
0.165157 1
0.384055 2
0.008501 18
0.000054 2
0.000026 20
0.000082 2
0.000028 54
0.000023 2
0.000080 2
0.000101 43
0.000199 2
0.000121 52
0.000116 2
0.000105 2
0.000026 67
0.000021 2
0.000094 71
0.000088 2
0.000027 69
0.000084 2
0.000025 62
0.000085 2
0.000615 63
89.993798 1
0.129776 1
21.845602 1
0.243741 1
0.096080 1
0.419032 1
0.456722 4
0.164235 1
0.207807 1
3.504809 1
0.139377 1
0.179788 1
0.236946 1
2.906202 1
0.943947 4
0.683702 1
0.307043 1
0.225168 1
0.096735 1
0.088032 1
0.181268 1
0.133874 1
0.105908 1
0.105913 1
0.224157 1
0.215001 1
1.507928 1
0.252025 1
0.082972 1
0.252981 1
0.241928 1
0.326087 1
0.159870 1
0.315107 1
0.510948 1
0.639532 2
0.001452 63
2.040100 1
0.091968 1
0.276867 1
0.888970 1
1.046933 1
0.122192 1
0.151682 1
0.178941 1
0.146312 1
0.076571 1
0.126137 1
0.204137 1
0.175798 1
0.301410 1
0.262112 87
2.931391 1
0.217346 1
0.115812 1
0.116963 2
0.001097 8
0.000047 2
0.000864 85
8.362931 1
0.253577 1
0.450276 1
0.362031 4
0.402909 1
0.251877 1
1.159094 4
0.212969 4
0.187944 4
0.193024 4
0.198914 1
0.190964 1
0.192137 1
0.203644 1
0.162321 1
5.231072 1
0.088885 1
1.320137 65
2.168176 1
0.236590 1
0.220707 1
0.202125 1
0.221975 1
0.207963 1
0.252976 1
0.582967 1
0.693225 4
0.419908 1
0.242930 1
0.081877 1
0.176008 1
0.174208 1
0.131001 1
0.090181 1
0.116705 1
0.197235 1
0.196898 1
0.618718 1
0.725001 1
0.103959 1
0.209209 1
0.106020 1
0.674025 4
0.170971 4
0.170270 4
0.306166 4
0.148486 1
0.088035 1
0.237962 1
0.184078 1
0.282871 1
0.271861 1
0.239192 1
0.247909 1
1.223067 2
0.001196 63
1.165380 1
0.155267 1
0.142964 1
0.100130 1
0.396984 1
0.264267 1
0.072608 1
0.134026 1
0.212087 1
0.127912 1
0.138946 1
0.112848 1
0.215199 1
0.229935 1
2.235964 2
0.000222 28
0.000041 2
0.000751 63
1.329713 14
0.374645 1
0.501097 1
0.034542 1
0.034684 1
0.033671 1
0.033659 1
0.034244 1
0.033850 1
0.034378 1
0.172249 1
0.243086 1
0.402244 27
0.175079 23
0.128602 2
0.001735 63
3.530770 1
0.125505 1
0.096005 2
0.001169 93
0.000050 2
0.000038 105
0.000120 2
0.000087 64
0.000173 2
0.000102 67
0.000025 2
0.000727 63
3.999769 2
0.771254 16
0.848505 2
0.001431 63
2.484388 1
0.115949 1
0.648392 1
1.120585 1
0.252993 1
0.078885 1
0.119048 1
0.198933 1
0.129072 1
0.114866 1
0.133465 1
0.450449 1
0.175917 1
0.212719 2
0.000011 85
1.368237 1
0.101220 1
0.104102 2
0.001738 85
28.844404 1
0.108067 1
0.141030 65
0.543884 1
0.122576 1
0.121184 1
0.177041 1
0.116040 1
0.185135 2
0.000790 12
0.000528 63
2.075324 1
0.309070 1
0.179106 1
0.191869 1
1.313301 8
