0.008248 52
8.018277 1
0.186317 1
0.130902 1
0.183010 1
3.773852 4052
0.739976 1
0.104484 1
0.159268 2
0.000089 69
0.000052 2
0.000490 52
1.817575 1
0.103948 1
0.217355 54
0.488690 1
0.123971 1
0.241905 1
0.182577 61
1.443470 1
0.200002 1
0.204794 1
0.267084 1
0.203008 1
1.245969 68
0.000261 52
0.878730 1
0.321745 5
0.459160 1
0.457898 1
0.104209 1
0.208033 1
0.153818 1
0.474034 1
0.232034 1
0.263108 1
0.184778 1
0.071971 1
0.175059 1
0.080045 1
1.505864 2
0.000262 52
0.417972 1
0.296191 1
0.121524 1
0.216063 1
0.083871 1
1.007805 68
0.000257 52
0.205093 1
0.193031 1
0.245514 62
0.000259 52
0.245200 1
1.095126 1
0.200717 1
0.124217 1
0.134843 1
0.438001 1
0.446144 1
0.124823 1
0.139880 1
0.197168 1
0.110211 1
0.170657 1
0.862699 739
0.000260 52
0.775180 1
0.161927 1
0.156064 1
0.112371 1
0.117430 1
1.020449 1
0.345610 1
0.104003 1
0.215925 1
0.185103 1
0.485910 4
0.145916 4
0.112075 1
0.199181 1
0.306811 1
0.581861 1
0.124056 1
0.164877 1
0.285061 1
0.221174 1
0.095999 1
0.224809 1
0.311501 2
0.000528 52
0.344038 1
0.154845 1
0.548471 2
0.001064 4
0.000018 15
0.000014 2
0.000019 37
0.000012 2
0.000226 52
0.640167 1
0.475183 4
0.177038 1
0.116830 1
0.108170 1
0.237874 1
0.184001 1
0.104655 1
0.762245 1
0.980697 241
3.175811 1
0.122504 1
0.091795 1
0.158143 1
0.095857 1
0.177537 13
0.000277 52
1.018424 5
0.671981 12
0.458410 271
5.592364 1
0.181777 1
0.179996 1
0.177084 1
1.516808 8
