0.032948 68
105.762370 1
0.256252 1
0.199774 1
0.160573 1
0.123735 1
0.273286 1
0.519638 1
0.247932 1
0.099986 1
0.164317 1
0.199959 1
0.131790 1
0.155913 1
0.092015 1
0.237233 1
0.207882 1
0.540811 64
0.000171 68
15.579177 1
0.276005 1
0.130792 1
0.187224 1
0.117355 1
0.425960 1
0.216198 1
0.229781 1
0.191024 1
4.518400 1
0.649642 1
0.079196 1
0.246516 1
0.127997 1
0.203103 1
0.117975 1
0.099892 1
0.256993 1
0.123023 1
0.162074 1
0.202443 2
0.006308 34
3.045170 2
0.089803 29
0.018833 31
0.000093 31
0.000184 2
0.004289 32
0.000096 32
0.034185 33
0.000108 33
0.240054 33
0.000104 2
0.000134 33
0.000121 33
0.004561 35
0.000061 2
0.030562 54
0.000105 2
0.268397 64
0.000104 2
0.031841 68
33.638023 1
0.181908 1
0.090253 1
0.117363 1
0.297632 1
0.340157 1
0.170034 1
0.327988 1
0.087029 1
0.587996 1
2.156454 43
0.600799 2
0.000334 84
0.000127 2
0.000540 68
20.776987 1
0.197676 1
1.548336 1
0.156007 1
0.285634 1
0.155192 1
3.602091 1
0.809748 1
0.270047 1
0.567885 1
1.370114 1
0.885763 1
0.128004 1
0.529069 1
0.417032 1
0.484688 1
0.144694 1
1.497672 1
0.686648 1
0.072144 1
0.186880 1
0.756247 1
0.099735 1
0.103865 1
1.139302 1
0.274942 1
0.900078 1
0.083848 1
0.232976 1
0.113958 1
1.068138 1
0.627898 1
0.394974 1
0.570981 1
0.882008 1
0.115798 1
0.305184 1
0.862648 1
0.610275 1
8.060872 1
0.264933 1
0.115972 1
0.196046 1
0.236024 1
2.081708 1
2.338491 1
0.565473 1
0.219023 3
0.127951 1
0.112134 1
8.088095 4
0.227537 4
0.204156 489
0.246807 4
0.524356 4
0.241713 4
0.944995 1
0.160969 1
0.263912 1
2.372066 3
0.119925 1
0.294901 4
0.183131 489
0.170944 4
0.183973 4
0.399005 4
0.337881 1
0.429045 1
0.231162 1
0.122736 3
0.222050 1
0.308094 1
1.736013 1
0.696812 1
0.291004 1
0.098356 1
0.167676 1
0.223699 1
0.094378 1
0.155657 1
0.109254 1
0.213955 1
0.186856 1
0.127231 1
0.139936 1
1.593726 1
0.398965 1
0.251409 1
0.099515 1
0.164324 1
0.232987 1
0.104837 1
0.126054 1
0.122287 1
0.240874 1
0.256818 1
33.527851 4
0.500408 4
0.030337 4
0.030051 4
0.030462 4
0.030999 4
0.031102 4
0.031292 4
0.030099 4
0.185401 4
0.434899 1
0.058612 1
0.388449 1
0.099856 1
0.608151 4
0.167002 4
0.144931 4
0.126977 1
0.219869 4
0.153212 1
0.320795 1
0.438844 1
0.794260 1
0.434081 4
0.240848 1
0.131878 1
0.166034 1
0.253049 1
0.756083 1
0.345651 1
0.195315 1
0.168992 1
0.485585 1
0.758079 1
0.253333 1
0.203931 1
0.206719 1
0.529189 1
0.448503 1
0.897289 4
0.160248 4
0.242777 1
1.164151 4
0.172911 4
0.144145 4
0.179854 4
0.165118 4
0.264786 4
0.624061 1
0.797242 1
1.339792 1
0.456597 1
0.186318 1
0.362056 1
1.428014 1
0.345046 1
0.680878 1
0.236914 1
0.640903 4
0.182089 4
0.159907 4
0.546088 1
0.247104 4
0.248767 1
0.178190 1
0.190956 1
1.347783 1
0.269009 1
0.199142 1
0.214938 1
0.934050 4
0.155919 4
0.912164 1
0.335913 1
0.210064 1
0.110861 1
0.635970 1
6.401213 2
0.076701 1
0.000107 30
6.408595 2
0.043481 80
0.001025 82
0.000683 80
0.000937 80
0.000015 2
0.000788 80
0.000961 80
0.000014 2
0.002726 68
425.989689 1
0.368586 1
0.240363 1
0.142211 1
0.103400 1
0.174877 13
0.000283 68
0.402492 1
0.108043 1
0.098884 2
0.001639 113
0.000087 2
0.000112 93
0.000138 2
0.000148 91
0.000052 2
0.000108 71
0.000109 2
0.000444 68
1.239204 1
0.207900 1
0.116914 1
0.760085 1
0.120036 1
0.384172 1
0.201927 1
0.567798 1
0.201079 17
4.014305 1
1.085624 1
0.115752 1
2.107997 1
1.412213 1
0.464103 1
0.198844 1
1.063932 4
0.189991 4
0.184806 4
0.516045 1
0.443062 1
0.087634 1
0.103600 1
0.622757 1
0.827802 1
0.111995 1
0.132217 1
7.694797 1
0.497704 1
0.508128 1
0.128220 1
0.244624 1
0.526151 1
0.841922 1
0.810827 1
0.122077 1
0.309051 1
3.435241 3
0.304642 1
0.523000 1
0.677142 1
0.199889 1
0.118882 1
40.816547 2
0.000286 68
1.778808 53
1.241594 1
0.501150 1
0.030933 1
0.030487 1
0.030277 1
0.031500 240
0.030757 1
0.030849 1
0.030866 1
0.030313 1
0.030530 1
0.030328 1
0.030389 1
0.029913 1
0.032113 1
0.031562 1
0.029664 1
0.031442 1
0.031793 1
0.031400 1
0.029552 1
0.030126 1
0.030835 1
0.030119 1
0.030328 1
0.030925 1
0.030291 1
0.031214 1
0.029993 1
0.030026 1
0.030121 1
0.031109 1
0.030690 1
0.114650 167
0.500205 164
0.030622 161
0.030679 157
0.030550 183
0.030037 152
0.030561 5
0.031583 5
0.031998 5
0.030355 5
0.030955 5
0.031539 5
0.031205 5
0.030718 5
0.030525 5
0.030476 5
0.030611 5
0.030157 5
0.174660 3
0.395740 3
0.204283 3
0.251230 3
0.275392 63
0.178996 63
0.178095 63
0.426987 63
0.243658 61
0.188234 59
0.100334 59
0.275728 59
0.323051 63
0.309012 59
0.181857 59
0.193242 1
0.000500 61
1.194498 1
2.174926 59
0.253186 198
0.998449 2
0.000074 1
0.000097 2
0.006586 68
15.950784 1
0.232010 1
0.183795 1
0.166198 1
0.225539 8
